,factor_style_equity,dynamic_global_bonds,short_ust,broad_ust,emerging_equity,us_small_equity,real_estate,commodities,factor_style_other,intl_developed_small_equity,intl_developed_large_equity,tips,gold,us_large_equity
factor_style_equity,1.0,0.029458840981681073,-0.054415666495053666,-0.02441599469613625,-0.06185838795003986,-0.23696348501149986,-0.12308247929960507,-0.1892045022813481,0.6031376397661962,0.08406702933756947,0.03044108601939404,-0.07549659890160168,-0.012619149533465325,-0.05397884636065695
dynamic_global_bonds,0.029458840981681073,1.0,0.6089151629224547,0.7092912954664207,0.2711920812665939,0.18741649213298128,0.3305047665411564,-0.36447031386413925,-0.07350850335732635,0.5057505319919917,0.3671051048477621,0.609417123816101,0.09775362640000429,0.2789522989177406
short_ust,-0.054415666495053666,0.6089151629224547,1.0,0.8993623152063381,-0.0013860324302192543,-0.22363753502688705,-0.006518733904901077,-0.3439013445548969,-0.41986631793704465,0.19933471408453304,0.12224861221580742,0.7737835677509334,0.1977513068730595,-0.1618584547910051
broad_ust,-0.02441599469613625,0.7092912954664207,0.8993623152063381,1.0,0.058560425261756165,-0.08843157988341478,0.1830204965053426,-0.31448766839392894,-0.26628948231947125,0.27892513515670214,0.1778395039260214,0.8954367733662765,0.21691277605172124,-0.030324243426450567
emerging_equity,-0.06185838795003986,0.2711920812665939,-0.0013860324302192543,0.058560425261756165,1.0,0.5850166824021896,0.3191829675704448,-0.37053217769688773,-0.11066746986551884,0.7197780247250495,0.6865947033262598,-0.12419175338772717,-0.16164300961591832,0.6381719245505295
us_small_equity,-0.23696348501149986,0.18741649213298128,-0.22363753502688705,-0.08843157988341478,0.5850166824021896,1.0,0.646251660558145,-0.14791670051469902,-0.044102674126782655,0.5512345210276438,0.6037330735472561,-0.09861611193358119,-0.3630451719550865,0.8411586394405982
real_estate,-0.12308247929960507,0.3305047665411564,-0.006518733904901077,0.1830204965053426,0.3191829675704448,0.646251660558145,1.0,-0.2264392362296553,-0.013333630558477383,0.47092055559555435,0.5406541877851694,0.16553655506988701,-0.06655274042767964,0.532812152285116
commodities,-0.1892045022813481,-0.36447031386413925,-0.3439013445548969,-0.31448766839392894,-0.37053217769688773,-0.14791670051469902,-0.2264392362296553,1.0,0.2202673054208155,-0.3692609019386105,-0.32481392166303896,-0.08670999208227073,0.35668592301197016,-0.30772566786995514
factor_style_other,0.6031376397661962,-0.07350850335732635,-0.41986631793704465,-0.26628948231947125,-0.11066746986551884,-0.044102674126782655,-0.013333630558477383,0.2202673054208155,1.0,-0.015461227226233226,-0.11243507975457646,-0.1709007217894727,-0.02574911372613007,0.014483205350113788
intl_developed_small_equity,0.08406702933756947,0.5057505319919917,0.19933471408453304,0.27892513515670214,0.7197780247250495,0.5512345210276438,0.47092055559555435,-0.3692609019386105,-0.015461227226233226,1.0,0.9428230675669659,0.15672469182259158,-0.05774214317385666,0.649237823540232
intl_developed_large_equity,0.03044108601939404,0.3671051048477621,0.12224861221580742,0.1778395039260214,0.6865947033262598,0.6037330735472561,0.5406541877851694,-0.32481392166303896,-0.11243507975457646,0.9428230675669659,1.0,0.06691915574126996,-0.13431221867071727,0.6912937340220648
tips,-0.07549659890160168,0.609417123816101,0.7737835677509334,0.8954367733662765,-0.12419175338772717,-0.09861611193358119,0.16553655506988701,-0.08670999208227073,-0.1709007217894727,0.15672469182259158,0.06691915574126996,1.0,0.23032044518462041,-0.09468880654261592
gold,-0.012619149533465325,0.09775362640000429,0.1977513068730595,0.21691277605172124,-0.16164300961591832,-0.3630451719550865,-0.06655274042767964,0.35668592301197016,-0.02574911372613007,-0.05774214317385666,-0.13431221867071727,0.23032044518462041,1.0,-0.45259187711981436
us_large_equity,-0.05397884636065695,0.2789522989177406,-0.1618584547910051,-0.030324243426450567,0.6381719245505295,0.8411586394405982,0.532812152285116,-0.30772566786995514,0.014483205350113788,0.649237823540232,0.6912937340220648,-0.09468880654261592,-0.45259187711981436,1.0
